---
numWptGen: 3
wptGen1:
  startTime: 1000.0
  endTime: 75600.0
  numWpts: 7
  generator:
    type: "CLROE"
    L:
      A0: 1.0
      alpha: 0.0
      xOff: 0.0
      yOff: -100.0
      B0: 1.7320508075688772
      beta: 0.0
    meanMotion: 7.27220521664304e-05
wptGen2:
  startTime: 86400.0
  endTime: 421200.0
  numWpts: 8
  generator:
    type: "CLROE"
    L:
      A0: 1.0
      alpha: 0.0
      xOff: -2.738149558570243
      yOff: -125.80645161290323
      B0: 1.7320508075688772
      beta: 0.0
    meanMotion: 7.27220521664304e-05
wptGen3:
  startTime: 432000.0
  endTime: 518400.0
  numWpts: 8
  generator:
    type: "CLROE"
    L:
      A0: 1.0
      alpha: 0.0
      xOff: 0.0
      yOff: 0.0
      B0: 1.7320508075688772
      beta: 0.0
    meanMotion: 7.27220521664304e-05
relStateNatural: True
